Savings <- c(0.576, 0.305, 0.395,0.297,0.161,0.508,0.315,0.274)
Invest <- c(0.218, 0.273, 0.235, 0.273, 0.205, 0.266, 0.249, 0.294)

